Mach Virtual Memory Statistics: (page size of 4096 bytes)
    free   active   specul inactive throttle    wired  prgable   faults     copy    0fill reactive   purged file-backed anonymous cmprssed cmprssor  dcomprs   comprs  pageins  pageout  swapins swapouts
    4985  1347296    27621  1318133        0   731044     1393  289364K  7524758  210614K 10129882  5310232      918990   1774060  5901406   764421 10424908 31411941 17990478   128101   289410   581313
    5288  1326042    27632  1297190        0   775531     1404    65914        0    65833       41        0      919001   1731863  5972672   761777    24699    95966        0        0        0        0
   36442  1351325    27595  1322991        0   775696     1438    68043      103    66889        7        2      918965   1782946  5987279   679710       29    14645        9       57        0    61425
    3770  1368116     1028  1365439        0   775624     1440    65585        0    65550        2        0      892398   1842185  5993532   679710       24     6285        0       29        0        0
    4781  1367498     1026  1364739        0   775697     1440    25944        0    25070       20        0      892396   1840867  6019772   679691      124    26368        0        0        0        0
    5423  1379504     1028  1364857        0   762837     9472    41899        0    40809       66        0      892397   1852992  6060977   679859       34    41239        0        0        0        0
    4669  1373492     1028  1371267        0   763279     9220    68041        0    67345       17        0      892396   1853391  6122818   679863       34    62089        0        1        0        0
    3838  1373685     1028  1366568        0   768632      986    67491        0    66639       24        0      892396   1848885  6183942   679843      140    61264        0        0        0        0
    4638  1370764     1000  1368436        0   768865      911    66489        0    65690       27        8      892368   1847832  6250415   679839      103    66577        0        0        0        0
    4032  1371433     1002  1368219        0   769014      890    66346        0    65738       17       43      892370   1848284  6315217   679823      185    65333        0        0        0        0
    5176  1370330     1001  1367981        0   769215      880    65604        0    65576       10        0      892369   1846943  6381598   679839       20    66430        0        1        0        0
    3677  1371003     1040  1368409        0   768439     1017    17845        0    16724       13        0      892408   1848043  6396518   679979       36    14957        0        0        0        0
    4005  1371349     1038  1368803        0   768615      974    53124        0    49934       15        0      892406   1848784  6445106   679915       40    49432        0        0        0        0
    4286  1371102     1187  1368487        0   768801      169    68475        0    65866       43      816      892441   1848335  6509799   679867       28    65332        0        0        0        0
    3718  1371411     1237  1368506        0   768943      254    68005        0    65927       11        0      892493   1848661  6575145   679814      122    65468        1        0        0        0
    4413  1371112     1236  1367722        0   769128      265    65661        0    65623       42        0      892489   1847581  6641595   679886       18    66468        0        0        0        0
    4455  1368933     1199  1366051        0   769936      390    67539        0    68069       18        4      892452   1843731  6711146   682822       21    69709        0        3        0        0
    3887  1366139     1199  1362717        0   780044     3819    66338        5    67738       28        0      892452   1837603  6774377   679489     8970    72204        0        0        0        0
    5540  1363125     1199  1360552        0   783484      390      402        0      281        0        0      892452   1832424  6776398   679489       26     2048        0        0        0        0
    4765  1363657     1164  1360973        0   783672      388    65784        0    65637        9        2      892417   1833377  6840952   679473      133    64687        0        1        0        0
    3601  1364178     1000  1361350        0   784017      388    66878        0    65730       27        2      892253   1834275  6905586   679461       29    64663        0        3        0        0